Bitcoin
Date : Open,High,Low,Close
Feb 18, 2018 : 11123.40,11349.80,10326.00,10551.80
Feb 17, 2018 : 10207.50,11139.50,10149.40,11112.70
Feb 16, 2018 : 10135.70,10324.10,9824.82,10233.90
Feb 15, 2018 : 9488.32,10234.80,9395.58,10166.40
Feb 14, 2018 : 8599.92,9518.54,8599.92,9494.63
Feb 13, 2018 : 8926.72,8958.47,8455.41,8598.31
Feb 12, 2018 : 8141.43,8985.92,8141.43,8926.57
Feb 11, 2018 : 8616.13,8616.13,7931.10,8129.97
Feb 10, 2018 : 8720.08,9122.55,8295.47,8621.90
Feb 09, 2018 : 8271.84,8736.98,7884.71,8736.98
Feb 08, 2018 : 7637.86,8558.77,7637.86,8265.59
Feb 07, 2018 : 7755.49,8509.11,7236.79,7621.30
Feb 06, 2018 : 7051.75,7850.70,6048.26,7754.00
Feb 05, 2018 : 8270.54,8364.84,6756.68,6955.27
Feb 04, 2018 : 9175.70,9334.87,8031.22,8277.01
Feb 03, 2018 : 8852.12,9430.75,8251.63,9174.91
Feb 02, 2018 : 9142.28,9142.28,7796.49,8830.75
Feb 01, 2018 : 10237.30,10288.80,8812.28,9170.54
Jan 31, 2018 : 10108.20,10381.60,9777.42,10221.10
Jan 30, 2018 : 11306.80,11307.20,10036.20,10106.30
Jan 29, 2018 : 11755.50,11875.60,11179.20,11296.40
Jan 28, 2018 : 11475.30,12040.30,11475.30,11786.30
Jan 27, 2018 : 11174.90,11614.90,10989.20,11440.70
Jan 26, 2018 : 11256.00,11656.70,10470.30,11171.40
Jan 25, 2018 : 11421.70,11785.70,11057.40,11259.40
Jan 24, 2018 : 10903.40,11501.40,10639.80,11359.40
Jan 23, 2018 : 10944.50,11377.60,10129.70,10868.40
Jan 22, 2018 : 11633.10,11966.40,10240.20,10931.40
Jan 21, 2018 : 12889.20,12895.90,11288.20,11600.10
Jan 20, 2018 : 11656.20,13103.00,11656.20,12899.20
